00110000001011100011011100111001
00110000001011100011011000110101
00110000001011100011010000111001
00110000001011100011001000111001
00110000001011100011100000110010
00110000001011100011000000110011
00110000001011100011000100110100
00110000001011100011000100110100
00110000001011100011100100111001
00110000001011100011000000110001
00110000001011100011100000110111
00110000001011100011010000111001
00110000001011100011100100110010
00110000001011100011001100110000
00110000001011100011010000111000
00110000001011100011000000110000
00110000001011100011010000110100
00110000001011100011001000110101
00110000001011100011011100110110
00110000001011100011000000110011
00110000001011100011010000110001
00110000001011100011100100110111
00110000001011100011000000110010
00110000001011100011010000110010
00110000001011100011000100111000
00110000001011100011011000110110
00110000001011100011000000110010
00110000001011100011010000110010
00110000001011100011010000110010
00110000001011100011010000111000
00110000001011100011011000110110
00110000001011100011001000110000
00110000001011100011010100110111
00110000001011100011011000111001
00110000001011100011010000111001
00110000001011100011001000111001
00110000001011100011001000110011
00110000001011100011100100110000
00110000001011100011100000110010
00110000001011100011100000110010
00110000001011100011010000110110
00110000001011100011100100110001
00110000001011100011001000110000
00110000001011100011001100111001
00110000001011100011100100111000
00110000001011100011000100110110
00110000001011100011001100110100
00110000001011100011100000110000
00110000001011100011001100110000
00110000001011100011000100110001
00110000001011100011000000110000
00110000001011100011011000110010
00110000001011100011000100111001
00110000001011100011000100110000
00110000001011100011010000110111
00110000001011100011010100110101
00110000001011100011011100110110
00110000001011100011000100111000
00110000001011100011001000110101
00110000001011100011011000111001
00110000001011100011011000110111
00110000001011100011000000110111
00110000001011100011001000110000
00110000001011100011011100110010
00110000001011100011100100111000
00110000001011100011010000110011
00110000001011100011010100110110
00110000001011100011010100110011
00110000001011100011000100110100
00110000001011100011100000110001
00110000001011100011001000110011
00110000001011100011011100111001
00110000001011100011011100110110
00110000001011100011000000111001
00110000001011100011001100110110
00110000001011100011001000110001
00110000001011100011001000111000
00110000001011100011001100110011
00110000001011100011011000110001
00110000001011100011000000111000
00110000001011100011011100111001
00110000001011100011011000110001
00110000001011100011011000110001
00110000001011100011000000110101
00110000001011100011100100110010
00110000001011100011001000111001
00110000001011100011010000110110
00110000001011100011000100110001
00110000001011100011001100110000
00110000001011100011011100110000
00110000001011100011000100110100
00110000001011100011001000110110
00110000001011100011011000110000
00110000001011100011010000110001
00110000001011100011011000110010
00110000001011100011000000110000
00110000001011100011001100110111
00110000001011100011100000110100
00110000001011100011011000110110
00110000001011100011000100111001
